<?xml version="1.0"?>
<opencv_storage>
<K type_id="opencv-matrix">
  <rows>3</rows>
  <cols>3</cols>
  <dt>d</dt>
  <data>
    2.5859916700596074e+02 0. 3.3319918027979674e+02 0.
    2.5842116021250877e+02 2.5216780868459242e+02 0. 0. 1.</data></K>
<D type_id="opencv-matrix">
  <rows>4</rows>
  <cols>1</cols>
  <dt>d</dt>
  <data>
    -1.5705147852761689e-01 -2.2480677959205202e-02
    3.5628075464638406e-02 -1.2568133536980209e-02</data></D>
</opencv_storage>
