<?xml version="1.0"?>
<opencv_storage>
<H type_id="opencv-matrix">
  <rows>3</rows>
  <cols>3</cols>
  <dt>d</dt>
  <data>
    -6.5560259582743075e-01 4.8793563309423534e-02
    2.0826570375044616e+02 3.6078213754809088e-02 1.4570159647449751e-01
    -3.1018567073315239e+02 1.5032589064503787e-04
    -5.0532564214092676e-03 1.</data></H>
</opencv_storage>
